1469
1470
1471
1472
1779
2340
2879
2880
2881
3437
3452
3453
3454
3455
3456
3459
3460
3475
3476
3477
3478
3479
3480
3482
3483
3484
3485
3486
3487
3488
3489
3490
3491
3503
3505
3507
3508
3509
3510
3511
3512
3513
3514
3515
3516
3517
3518
3519
3520
3521
3522
3523
3524
3525
3526
3527
3528
3529
3530
3531
3532
3533
3534
3535
3536
3537
3538
3539
3540
3548
3549
3550
3551
3552
3553
3554
3555
3556
3557
3558
3559
3560
3561
3566
3567
3569
3571
3696
3697
3698
3699
3700
3702
3703
3706
3707
3708
3709
3710
3711
3712
3713
3714
3715
3717
3719
3757
4022
4023
4024
4025
4026
4027
4055
4059
4060
4062
4073
4161
4167
4182
4185
4186
4187
4188
4189
4190
4191
4192
4193
4194
4195
4196
4197
4198
4199
4200
4201
4202
4203
4204
4205
4206
4207
4208
4209
4210
4211
4212
4213
4214
4215
4216
4217
4218
4219
4220
4221
4222
4223
4224
4225
4226
4227
4228
4229
4230
4231
4232
4233
4234
4235
4236
4237
4238
4239
4240
4241
4242
4243
4244
4245
4246
4247
4248
4249
4250
4251
4252
4253
4254
4255
4256
4257
4258
4259
4260
4261
4262
4263
4264
4265
4266
4267
4268
4269
4270
4271
4272
4273
4274
4275
4276
4277
4278
4279
4280
4281
4282
4283
4284
4285
4286
4287
4288
4289
4290
4291
4292
4293
4294
4295
4296
4297
4298
4299
4300
4301
4302
4303
4304
4305
4310
4311
4312
4313
4314
4315
4316
4317
4318
4319
4320
4321
4322
4323
4324
4325
4326
4327
4328
4329
4330
4331
4332
4333
4334
4335
4336
4337
4338
4339
4340
4341
4342
4343
4344
4345
4346
4347
4348
4349
4350
4351
4352